WEIGHTS: 0.43176691,0.37370722,0.5877564,0.08462152,0.4095761,0.47532567,0.98611869,1.00,0.92941847,0.27422147,0.15315817,0.00,0.00,0.09707119,0.08394127
THRESHOLD: 1250
